     0.00000     1        1.0000        1.0000        1.0000        1.0000        1.0000        1.0000        1.0000        1.0000        1.0000        1.0000        1.0000        1.0000        1.0000        1.0000        1.0000        1.0000        1.0000        1.0000        1.0000        1.0000        1.0000
    60.00000     1        1.6715        1.6715        1.6715        1.6715        1.6715        1.6715        1.6715        1.6715        1.6715        1.6715        1.6715        1.6715        1.6715        1.6715        1.6715        1.6715        1.6715        1.6715        1.6715        1.6715        1.6715
   120.00000     1        1.6708        1.6708        1.6708        1.6708        1.6708        1.6708        1.6708        1.6708        1.6708        1.6708        1.6708        1.6708        1.6708        1.6708        1.6708        1.6708        1.6708        1.6708        1.6708        1.6708        1.6708
   180.00000     1        1.7093        1.7093        1.7093        1.7093        1.7093        1.7093        1.7093        1.7093        1.7093        1.7093        1.7093        1.7093        1.7093        1.7093        1.7093        1.7093        1.7093        1.7093        1.7093        1.7093        1.7093
   240.00000     1        1.7170        1.7170        1.7170        1.7170        1.7170        1.7170        1.7170        1.7170        1.7170        1.7170        1.7170        1.7170        1.7170        1.7170        1.7170        1.7170        1.7170        1.7170        1.7170        1.7170        1.7170
   300.00000     1        1.7152        1.7152        1.7152        1.7152        1.7152        1.7152        1.7152        1.7152        1.7152        1.7152        1.7152        1.7152        1.7152        1.7152        1.7152        1.7152        1.7152        1.7152        1.7152        1.7152        1.7152
   360.00000     1        1.6984        1.6984        1.6984        1.6984        1.6984        1.6984        1.6984        1.6984        1.6984        1.6984        1.6984        1.6984        1.6984        1.6984        1.6984        1.6984        1.6984        1.6984        1.6984        1.6984        1.6984
   420.00000     1        1.6807        1.6807        1.6807        1.6807        1.6807        1.6807        1.6807        1.6807        1.6807        1.6807        1.6807        1.6807        1.6807        1.6807        1.6807        1.6807        1.6807        1.6807        1.6807        1.6807        1.6807
   480.00000     1        1.6734        1.6734        1.6734        1.6734        1.6734        1.6734        1.6734        1.6734        1.6734        1.6734        1.6734        1.6734        1.6734        1.6734        1.6734        1.6734        1.6734        1.6734        1.6734        1.6734        1.6734
   540.00000     1        1.6718        1.6718        1.6718        1.6718        1.6718        1.6718        1.6718        1.6718        1.6718        1.6718        1.6718        1.6718        1.6718        1.6718        1.6718        1.6718        1.6718        1.6718        1.6718        1.6718        1.6718
   600.00000     1        1.6715        1.6715        1.6715        1.6715        1.6715        1.6715        1.6715        1.6715        1.6715        1.6715        1.6715        1.6715        1.6715        1.6715        1.6715        1.6715        1.6715        1.6715        1.6715        1.6715        1.6715
   660.00000     1        1.6715        1.6715        1.6715        1.6715        1.6715        1.6715        1.6715        1.6715        1.6715        1.6715        1.6715        1.6715        1.6715        1.6715        1.6715        1.6715        1.6715        1.6715        1.6715        1.6715        1.6715
   720.00000     1        1.6715        1.6715        1.6715        1.6715        1.6715        1.6715        1.6715        1.6715        1.6715        1.6715        1.6715        1.6715        1.6715        1.6715        1.6715        1.6715        1.6715        1.6715        1.6715        1.6715        1.6715
   780.00000     1        1.6715        1.6715        1.6715        1.6715        1.6715        1.6715        1.6715        1.6715        1.6715        1.6715        1.6715        1.6715        1.6715        1.6715        1.6715        1.6715        1.6715        1.6715        1.6715        1.6715        1.6715
   840.00000     1        1.6715        1.6715        1.6715        1.6715        1.6715        1.6715        1.6715        1.6715        1.6715        1.6715        1.6715        1.6715        1.6715        1.6715        1.6715        1.6715        1.6715        1.6715        1.6715        1.6715        1.6715
   900.00000     1        1.6715        1.6715        1.6715        1.6715        1.6715        1.6715        1.6715        1.6715        1.6715        1.6715        1.6715        1.6715        1.6715        1.6715        1.6715        1.6715        1.6715        1.6715        1.6715        1.6715        1.6715
   960.00000     1        1.6715        1.6715        1.6715        1.6715        1.6715        1.6715        1.6715        1.6715        1.6715        1.6715        1.6715        1.6715        1.6715        1.6715        1.6715        1.6715        1.6715        1.6715        1.6715        1.6715        1.6715
  1020.00000     1        1.6715        1.6715        1.6715        1.6715        1.6715        1.6715        1.6715        1.6715        1.6715        1.6715        1.6715        1.6715        1.6715        1.6715        1.6715        1.6715        1.6715        1.6715        1.6715        1.6715        1.6715
  1080.00000     1        1.6715        1.6715        1.6715        1.6715        1.6715        1.6715        1.6715        1.6715        1.6715        1.6715        1.6715        1.6715        1.6715        1.6715        1.6715        1.6715        1.6715        1.6715        1.6715        1.6715        1.6715
  1140.00000     1        1.6715        1.6715        1.6715        1.6715        1.6715        1.6715        1.6715        1.6715        1.6715        1.6715        1.6715        1.6715        1.6715        1.6715        1.6715        1.6715        1.6715        1.6715        1.6715        1.6715        1.6715
  1200.00000     1        1.6715        1.6715        1.6715        1.6715        1.6715        1.6715        1.6715        1.6715        1.6715        1.6715        1.6715        1.6715        1.6715        1.6715        1.6715        1.6715        1.6715        1.6715        1.6715        1.6715        1.6715
  1260.00000     1        1.6715        1.6715        1.6715        1.6715        1.6715        1.6715        1.6715        1.6715        1.6715        1.6715        1.6715        1.6715        1.6715        1.6715        1.6715        1.6715        1.6715        1.6715        1.6715        1.6715        1.6715
  1320.00000     1        1.6715        1.6715        1.6715        1.6715        1.6715        1.6715        1.6715        1.6715        1.6715        1.6715        1.6715        1.6715        1.6715        1.6715        1.6715        1.6715        1.6715        1.6715        1.6715        1.6715        1.6715
  1380.00000     1        1.6715        1.6715        1.6715        1.6715        1.6715        1.6715        1.6715        1.6715        1.6715        1.6715        1.6715        1.6715        1.6715        1.6715        1.6715        1.6715        1.6715        1.6715        1.6715        1.6715        1.6715
  1440.00000     1        1.6715        1.6715        1.6715        1.6715        1.6715        1.6715        1.6715        1.6715        1.6715        1.6715        1.6715        1.6715        1.6715        1.6715        1.6715        1.6715        1.6715        1.6715        1.6715        1.6715        1.6715
