     0.00000     1        1.0000        1.0000        1.0000        1.0000        1.0000        1.0000        1.0000        1.0000        1.0000        1.0000        1.0000        1.0000        1.0000        1.0000        1.0000        1.0000        1.0000        1.0000        1.0000        1.0000        1.0000
    60.00000     1        1.0029        1.0029        1.0029        1.0029        1.0029        1.0029        1.0029        1.0029        1.0029        1.0029        1.0029        1.0029        1.0029        1.0029        1.0029        1.0029        1.0029        1.0029        1.0029        1.0029     -999.0000
   120.00000     1        1.0025        1.0025        1.0025        1.0025        1.0025        1.0025        1.0025        1.0025        1.0025        1.0025        1.0025        1.0025        1.0025        1.0025        1.0025        1.0025        1.0025        1.0025        1.0025        1.0025     -999.0000
   180.00000     1        1.0256        1.0256        1.0256        1.0256        1.0256        1.0256        1.0256        1.0256        1.0256        1.0256        1.0256        1.0256        1.0256        1.0256        1.0256        1.0256        1.0256        1.0256        1.0256        1.0256     -999.0000
   240.00000     1        1.0302        1.0302        1.0302        1.0302        1.0302        1.0302        1.0302        1.0302        1.0302        1.0302        1.0302        1.0302        1.0302        1.0302        1.0302        1.0302        1.0302        1.0302        1.0302        1.0302     -999.0000
   300.00000     1        1.0291        1.0291        1.0291        1.0291        1.0291        1.0291        1.0291        1.0291        1.0291        1.0291        1.0291        1.0291        1.0291        1.0291        1.0291        1.0291        1.0291        1.0291        1.0291        1.0291     -999.0000
   360.00000     1        1.0190        1.0190        1.0190        1.0190        1.0190        1.0190        1.0190        1.0190        1.0190        1.0190        1.0190        1.0190        1.0190        1.0190        1.0190        1.0190        1.0190        1.0190        1.0190        1.0190     -999.0000
   420.00000     1        1.0084        1.0084        1.0084        1.0084        1.0084        1.0084        1.0084        1.0084        1.0084        1.0084        1.0084        1.0084        1.0084        1.0084        1.0084        1.0084        1.0084        1.0084        1.0084        1.0084     -999.0000
   480.00000     1        1.0040        1.0040        1.0040        1.0040        1.0040        1.0040        1.0040        1.0040        1.0040        1.0040        1.0040        1.0040        1.0040        1.0040        1.0040        1.0040        1.0040        1.0040        1.0040        1.0040     -999.0000
   540.00000     1        1.0031        1.0031        1.0031        1.0031        1.0031        1.0031        1.0031        1.0031        1.0031        1.0031        1.0031        1.0031        1.0031        1.0031        1.0031        1.0031        1.0031        1.0031        1.0031        1.0031     -999.0000
   600.00000     1        1.0029        1.0029        1.0029        1.0029        1.0029        1.0029        1.0029        1.0029        1.0029        1.0029        1.0029        1.0029        1.0029        1.0029        1.0029        1.0029        1.0029        1.0029        1.0029        1.0029     -999.0000
   660.00000     1        1.0029        1.0029        1.0029        1.0029        1.0029        1.0029        1.0029        1.0029        1.0029        1.0029        1.0029        1.0029        1.0029        1.0029        1.0029        1.0029        1.0029        1.0029        1.0029        1.0029     -999.0000
   720.00000     1        1.0029        1.0029        1.0029        1.0029        1.0029        1.0029        1.0029        1.0029        1.0029        1.0029        1.0029        1.0029        1.0029        1.0029        1.0029        1.0029        1.0029        1.0029        1.0029        1.0029     -999.0000
   780.00000     1        1.0029        1.0029        1.0029        1.0029        1.0029        1.0029        1.0029        1.0029        1.0029        1.0029        1.0029        1.0029        1.0029        1.0029        1.0029        1.0029        1.0029        1.0029        1.0029        1.0029     -999.0000
   840.00000     1        1.0029        1.0029        1.0029        1.0029        1.0029        1.0029        1.0029        1.0029        1.0029        1.0029        1.0029        1.0029        1.0029        1.0029        1.0029        1.0029        1.0029        1.0029        1.0029        1.0029     -999.0000
   900.00000     1        1.0029        1.0029        1.0029        1.0029        1.0029        1.0029        1.0029        1.0029        1.0029        1.0029        1.0029        1.0029        1.0029        1.0029        1.0029        1.0029        1.0029        1.0029        1.0029        1.0029     -999.0000
   960.00000     1        1.0029        1.0029        1.0029        1.0029        1.0029        1.0029        1.0029        1.0029        1.0029        1.0029        1.0029        1.0029        1.0029        1.0029        1.0029        1.0029        1.0029        1.0029        1.0029        1.0029     -999.0000
  1020.00000     1        1.0029        1.0029        1.0029        1.0029        1.0029        1.0029        1.0029        1.0029        1.0029        1.0029        1.0029        1.0029        1.0029        1.0029        1.0029        1.0029        1.0029        1.0029        1.0029        1.0029     -999.0000
  1080.00000     1        1.0029        1.0029        1.0029        1.0029        1.0029        1.0029        1.0029        1.0029        1.0029        1.0029        1.0029        1.0029        1.0029        1.0029        1.0029        1.0029        1.0029        1.0029        1.0029        1.0029     -999.0000
  1140.00000     1        1.0029        1.0029        1.0029        1.0029        1.0029        1.0029        1.0029        1.0029        1.0029        1.0029        1.0029        1.0029        1.0029        1.0029        1.0029        1.0029        1.0029        1.0029        1.0029        1.0029     -999.0000
  1200.00000     1        1.0029        1.0029        1.0029        1.0029        1.0029        1.0029        1.0029        1.0029        1.0029        1.0029        1.0029        1.0029        1.0029        1.0029        1.0029        1.0029        1.0029        1.0029        1.0029        1.0029     -999.0000
  1260.00000     1        1.0029        1.0029        1.0029        1.0029        1.0029        1.0029        1.0029        1.0029        1.0029        1.0029        1.0029        1.0029        1.0029        1.0029        1.0029        1.0029        1.0029        1.0029        1.0029        1.0029     -999.0000
  1320.00000     1        1.0029        1.0029        1.0029        1.0029        1.0029        1.0029        1.0029        1.0029        1.0029        1.0029        1.0029        1.0029        1.0029        1.0029        1.0029        1.0029        1.0029        1.0029        1.0029        1.0029     -999.0000
  1380.00000     1        1.0029        1.0029        1.0029        1.0029        1.0029        1.0029        1.0029        1.0029        1.0029        1.0029        1.0029        1.0029        1.0029        1.0029        1.0029        1.0029        1.0029        1.0029        1.0029        1.0029     -999.0000
  1440.00000     1        1.0029        1.0029        1.0029        1.0029        1.0029        1.0029        1.0029        1.0029        1.0029        1.0029        1.0029        1.0029        1.0029        1.0029        1.0029        1.0029        1.0029        1.0029        1.0029        1.0029     -999.0000
