     0.00000     1        0.0500        0.0500        0.0500        0.0500        0.0500        0.0500        0.0500        0.0500        0.0500        0.0500        0.0500        0.0500        0.0500        0.0500        0.0500        0.0500        0.0500        1.0100        2.0100        3.0100        4.0100
    60.00000     1        1.8401        1.8401        1.8401        1.8401        1.8401        1.8401        1.8401        1.8401        1.8401        1.8401        1.8401        1.8401        1.8401        1.8401        1.8402        1.8420        1.8647        2.0098        2.4309        3.1389        4.0100
   120.00000     1        1.8381        1.8351        1.8339        1.8344        1.8359        1.8375        1.8388        1.8397        1.8402        1.8404        1.8404        1.8404        1.8403        1.8402        1.8403        1.8420        1.8647        2.0098        2.4309        3.1389        4.0100
   180.00000     1        2.0907        2.0548        2.0150        1.9749        1.9379        1.9063        1.8809        1.8620        1.8490        1.8410        1.8367        1.8350        1.8349        1.8357        1.8370        1.8399        1.8635        2.0094        2.4308        3.1390        4.0100
   240.00000     1        1.8629        1.9026        1.9418        1.9759        2.0012        2.0160        2.0201        2.0143        2.0005        1.9809        1.9581        1.9344        1.9117        1.8912        1.8741        1.8621        1.8743        2.0123        2.4304        3.1383        4.0100
   300.00000     1        1.8404        1.8414        1.8444        1.8503        1.8600        1.8738        1.8911        1.9108        1.9310        1.9502        1.9664        1.9781        1.9842        1.9846        1.9797        1.9721        1.9804        2.0976        2.4782        3.1542        4.0100
   360.00000     1        1.8401        1.8401        1.8402        1.8404        1.8410        1.8422        1.8444        1.8480        1.8534        1.8609        1.8706        1.8824        1.8958        1.9101        1.9246        1.9407        1.9758        2.1157        2.5014        3.1666        4.0100
   420.00000     1        1.8401        1.8401        1.8401        1.8401        1.8401        1.8402        1.8403        1.8406        1.8411        1.8420        1.8435        1.8458        1.8492        1.8538        1.8600        1.8697        1.9024        2.0522        2.4630        3.1530        4.0100
   480.00000     1        1.8401        1.8401        1.8401        1.8401        1.8401        1.8401        1.8401        1.8401        1.8401        1.8402        1.8403        1.8406        1.8410        1.8417        1.8429        1.8463        1.8716        2.0187        2.4383        3.1425        4.0100
   540.00000     1        1.8401        1.8401        1.8401        1.8401        1.8401        1.8401        1.8401        1.8401        1.8401        1.8401        1.8401        1.8401        1.8401        1.8402        1.8405        1.8425        1.8655        2.0110        2.4320        3.1395        4.0100
   600.00000     1        1.8401        1.8401        1.8401        1.8401        1.8401        1.8401        1.8401        1.8401        1.8401        1.8401        1.8401        1.8401        1.8401        1.8401        1.8402        1.8421        1.8648        2.0100        2.4310        3.1390        4.0100
   660.00000     1        1.8401        1.8401        1.8401        1.8401        1.8401        1.8401        1.8401        1.8401        1.8401        1.8401        1.8401        1.8401        1.8401        1.8401        1.8402        1.8420        1.8647        2.0099        2.4309        3.1389        4.0100
   720.00000     1        1.8401        1.8401        1.8401        1.8401        1.8401        1.8401        1.8401        1.8401        1.8401        1.8401        1.8401        1.8401        1.8401        1.8401        1.8402        1.8420        1.8647        2.0098        2.4309        3.1389        4.0100
   780.00000     1        1.8401        1.8401        1.8401        1.8401        1.8401        1.8401        1.8401        1.8401        1.8401        1.8401        1.8401        1.8401        1.8401        1.8401        1.8402        1.8420        1.8647        2.0098        2.4309        3.1389        4.0100
   840.00000     1        1.8401        1.8401        1.8401        1.8401        1.8401        1.8401        1.8401        1.8401        1.8401        1.8401        1.8401        1.8401        1.8401        1.8401        1.8402        1.8420        1.8647        2.0098        2.4309        3.1389        4.0100
   900.00000     1        1.8401        1.8401        1.8401        1.8401        1.8401        1.8401        1.8401        1.8401        1.8401        1.8401        1.8401        1.8401        1.8401        1.8401        1.8402        1.8420        1.8647        2.0098        2.4309        3.1389        4.0100
   960.00000     1        1.8401        1.8401        1.8401        1.8401        1.8401        1.8401        1.8401        1.8401        1.8401        1.8401        1.8401        1.8401        1.8401        1.8401        1.8402        1.8420        1.8647        2.0098        2.4309        3.1389        4.0100
  1020.00000     1        1.8401        1.8401        1.8401        1.8401        1.8401        1.8401        1.8401        1.8401        1.8401        1.8401        1.8401        1.8401        1.8401        1.8401        1.8402        1.8420        1.8647        2.0098        2.4309        3.1389        4.0100
  1080.00000     1        1.8401        1.8401        1.8401        1.8401        1.8401        1.8401        1.8401        1.8401        1.8401        1.8401        1.8401        1.8401        1.8401        1.8401        1.8402        1.8420        1.8647        2.0098        2.4309        3.1389        4.0100
  1140.00000     1        1.8401        1.8401        1.8401        1.8401        1.8401        1.8401        1.8401        1.8401        1.8401        1.8401        1.8401        1.8401        1.8401        1.8401        1.8402        1.8420        1.8647        2.0098        2.4309        3.1389        4.0100
  1200.00000     1        1.8401        1.8401        1.8401        1.8401        1.8401        1.8401        1.8401        1.8401        1.8401        1.8401        1.8401        1.8401        1.8401        1.8401        1.8402        1.8420        1.8647        2.0098        2.4309        3.1389        4.0100
  1260.00000     1        1.8401        1.8401        1.8401        1.8401        1.8401        1.8401        1.8401        1.8401        1.8401        1.8401        1.8401        1.8401        1.8401        1.8401        1.8402        1.8420        1.8647        2.0098        2.4309        3.1389        4.0100
  1320.00000     1        1.8401        1.8401        1.8401        1.8401        1.8401        1.8401        1.8401        1.8401        1.8401        1.8401        1.8401        1.8401        1.8401        1.8401        1.8402        1.8420        1.8647        2.0098        2.4309        3.1389        4.0100
  1380.00000     1        1.8401        1.8401        1.8401        1.8401        1.8401        1.8401        1.8401        1.8401        1.8401        1.8401        1.8401        1.8401        1.8401        1.8401        1.8402        1.8420        1.8647        2.0098        2.4309        3.1389        4.0100
  1440.00000     1        1.8401        1.8401        1.8401        1.8401        1.8401        1.8401        1.8401        1.8401        1.8401        1.8401        1.8401        1.8401        1.8401        1.8401        1.8402        1.8420        1.8647        2.0098        2.4309        3.1389        4.0100
