     0.00000     1       20.0400       19.0400       18.0400       17.0400       16.0400       15.0400       14.0400       13.0400       12.0400       11.0400       10.0400        9.0400        8.0400        7.0400        6.0400        5.0400        4.0400        4.0000        4.0000        4.0000        4.0000
    60.00000     1       21.8301       20.8301       19.8301       18.8301       17.8301       16.8301       15.8301       14.8301       13.8301       12.8301       11.8301       10.8301        9.8301        8.8301        7.8302        6.8320        5.8547        4.9998        4.4209        4.1289        4.0000
   120.00000     1       21.8281       20.8251       19.8239       18.8244       17.8259       16.8275       15.8288       14.8297       13.8302       12.8304       11.8304       10.8304        9.8303        8.8302        7.8303        6.8320        5.8547        4.9998        4.4209        4.1289        4.0000
   180.00000     1       22.0807       21.0448       20.0050       18.9649       17.9279       16.8963       15.8709       14.8520       13.8390       12.8310       11.8267       10.8250        9.8249        8.8257        7.8270        6.8299        5.8535        4.9994        4.4208        4.1290        4.0000
   240.00000     1       21.8529       20.8926       19.9318       18.9659       17.9912       17.0060       16.0101       15.0043       13.9905       12.9709       11.9481       10.9244        9.9017        8.8812        7.8641        6.8521        5.8643        5.0023        4.4204        4.1283        4.0000
   300.00000     1       21.8304       20.8314       19.8344       18.8403       17.8500       16.8638       15.8811       14.9008       13.9210       12.9402       11.9564       10.9681        9.9742        8.9746        7.9697        6.9621        5.9704        5.0876        4.4682        4.1442        4.0000
   360.00000     1       21.8301       20.8301       19.8302       18.8304       17.8310       16.8322       15.8344       14.8380       13.8434       12.8509       11.8606       10.8724        9.8858        8.9001        7.9146        6.9307        5.9658        5.1057        4.4914        4.1566        4.0000
   420.00000     1       21.8301       20.8301       19.8301       18.8301       17.8301       16.8302       15.8303       14.8306       13.8311       12.8320       11.8335       10.8358        9.8392        8.8438        7.8500        6.8597        5.8924        5.0422        4.4530        4.1430        4.0000
   480.00000     1       21.8301       20.8301       19.8301       18.8301       17.8301       16.8301       15.8301       14.8301       13.8301       12.8302       11.8303       10.8306        9.8310        8.8317        7.8328        6.8363        5.8616        5.0087        4.4283        4.1325        4.0000
   540.00000     1       21.8301       20.8301       19.8301       18.8301       17.8301       16.8301       15.8301       14.8301       13.8301       12.8301       11.8301       10.8301        9.8301        8.8302        7.8305        6.8325        5.8555        5.0010        4.4220        4.1295        4.0000
   600.00000     1       21.8301       20.8301       19.8301       18.8301       17.8301       16.8301       15.8301       14.8301       13.8301       12.8301       11.8301       10.8301        9.8301        8.8301        7.8302        6.8321        5.8548        5.0000        4.4210        4.1290        4.0000
   660.00000     1       21.8301       20.8301       19.8301       18.8301       17.8301       16.8301       15.8301       14.8301       13.8301       12.8301       11.8301       10.8301        9.8301        8.8301        7.8302        6.8320        5.8547        4.9999        4.4209        4.1289        4.0000
   720.00000     1       21.8301       20.8301       19.8301       18.8301       17.8301       16.8301       15.8301       14.8301       13.8301       12.8301       11.8301       10.8301        9.8301        8.8301        7.8302        6.8320        5.8547        4.9998        4.4209        4.1289        4.0000
   780.00000     1       21.8301       20.8301       19.8301       18.8301       17.8301       16.8301       15.8301       14.8301       13.8301       12.8301       11.8301       10.8301        9.8301        8.8301        7.8302        6.8320        5.8547        4.9998        4.4209        4.1289        4.0000
   840.00000     1       21.8301       20.8301       19.8301       18.8301       17.8301       16.8301       15.8301       14.8301       13.8301       12.8301       11.8301       10.8301        9.8301        8.8301        7.8302        6.8320        5.8547        4.9998        4.4209        4.1289        4.0000
   900.00000     1       21.8301       20.8301       19.8301       18.8301       17.8301       16.8301       15.8301       14.8301       13.8301       12.8301       11.8301       10.8301        9.8301        8.8301        7.8302        6.8320        5.8547        4.9998        4.4209        4.1289        4.0000
   960.00000     1       21.8301       20.8301       19.8301       18.8301       17.8301       16.8301       15.8301       14.8301       13.8301       12.8301       11.8301       10.8301        9.8301        8.8301        7.8302        6.8320        5.8547        4.9998        4.4209        4.1289        4.0000
  1020.00000     1       21.8301       20.8301       19.8301       18.8301       17.8301       16.8301       15.8301       14.8301       13.8301       12.8301       11.8301       10.8301        9.8301        8.8301        7.8302        6.8320        5.8547        4.9998        4.4209        4.1289        4.0000
  1080.00000     1       21.8301       20.8301       19.8301       18.8301       17.8301       16.8301       15.8301       14.8301       13.8301       12.8301       11.8301       10.8301        9.8301        8.8301        7.8302        6.8320        5.8547        4.9998        4.4209        4.1289        4.0000
  1140.00000     1       21.8301       20.8301       19.8301       18.8301       17.8301       16.8301       15.8301       14.8301       13.8301       12.8301       11.8301       10.8301        9.8301        8.8301        7.8302        6.8320        5.8547        4.9998        4.4209        4.1289        4.0000
  1200.00000     1       21.8301       20.8301       19.8301       18.8301       17.8301       16.8301       15.8301       14.8301       13.8301       12.8301       11.8301       10.8301        9.8301        8.8301        7.8302        6.8320        5.8547        4.9998        4.4209        4.1289        4.0000
  1260.00000     1       21.8301       20.8301       19.8301       18.8301       17.8301       16.8301       15.8301       14.8301       13.8301       12.8301       11.8301       10.8301        9.8301        8.8301        7.8302        6.8320        5.8547        4.9998        4.4209        4.1289        4.0000
  1320.00000     1       21.8301       20.8301       19.8301       18.8301       17.8301       16.8301       15.8301       14.8301       13.8301       12.8301       11.8301       10.8301        9.8301        8.8301        7.8302        6.8320        5.8547        4.9998        4.4209        4.1289        4.0000
  1380.00000     1       21.8301       20.8301       19.8301       18.8301       17.8301       16.8301       15.8301       14.8301       13.8301       12.8301       11.8301       10.8301        9.8301        8.8301        7.8302        6.8320        5.8547        4.9998        4.4209        4.1289        4.0000
  1440.00000     1       21.8301       20.8301       19.8301       18.8301       17.8301       16.8301       15.8301       14.8301       13.8301       12.8301       11.8301       10.8301        9.8301        8.8301        7.8302        6.8320        5.8547        4.9998        4.4209        4.1289        4.0000
