     0.00000     1       20.0000       20.0000       20.0000       20.0000       20.0000       20.0000       20.0000       20.0000       20.0000       20.0000       20.0000       20.0000       20.0000       20.0000       20.0000       20.0000       20.0000       20.0000       20.0000       20.0000       20.0000
    10.00000     1       20.0000       20.0000       20.0000       20.0000       20.0000       20.0000       20.0000       20.0000       20.0000       20.0000       20.0000       20.0000       20.0000       20.0000       20.0000       20.0000       20.0000       20.0000       20.0000       20.0000       20.0000
    20.00000     1       20.0000       20.0000       20.0000       20.0000       20.0000       20.0000       20.0000       20.0000       20.0000       20.0000       20.0000       20.0000       20.0000       20.0000       20.0000       20.0000       20.0000       20.0000       20.0000       20.0000       20.0000
    30.00000     1       20.0000       20.0000       20.0000       20.0000       20.0000       20.0000       20.0000       20.0000       20.0000       20.0000       20.0000       20.0000       20.0000       20.0000       20.0000       20.0000       20.0000       20.0000       20.0000       20.0000       20.0000
    40.00000     1       20.0000       20.0000       20.0000       20.0000       20.0000       20.0000       20.0000       20.0000       20.0000       20.0000       20.0000       20.0000       20.0000       20.0000       20.0000       20.0000       20.0000       20.0000       20.0000       20.0000       20.0000
    50.00000     1       20.0000       20.0000       20.0000       20.0000       20.0000       20.0000       20.0000       20.0000       20.0000       20.0000       20.0000       20.0000       20.0000       20.0000       20.0000       20.0000       20.0000       20.0000       20.0000       20.0000       20.0000
    60.00000     1       20.0000       20.0000       20.0000       20.0000       20.0000       20.0000       20.0000       20.0000       20.0000       20.0000       20.0000       20.0000       20.0000       20.0000       20.0000       20.0000       20.0000       20.0000       20.0000       20.0000       20.0000
    70.00000     1       20.0000       19.9999       20.0000       20.0001       20.0001       20.0001       20.0000       20.0000       20.0000       20.0000       20.0000       20.0000       20.0000       20.0000       20.0000       20.0000       20.0000       20.0000       20.0000       20.0000       20.0000
    80.00000     1       20.0000       19.9996       19.9997       20.0001       20.0004       20.0004       20.0003       20.0001       20.0000       19.9999       19.9999       19.9999       19.9999       20.0000       20.0000       20.0000       20.0000       20.0000       20.0000       20.0000       20.0000
    90.00000     1       20.0000       19.9985       19.9986       19.9997       20.0008       20.0013       20.0012       20.0008       20.0003       19.9999       19.9997       19.9996       19.9997       19.9997       19.9998       19.9999       20.0000       20.0000       20.0001       20.0001       20.0000
   100.00000     1       20.0000       19.9948       19.9937       19.9965       20.0002       20.0027       20.0037       20.0035       20.0025       20.0014       20.0004       19.9998       19.9994       19.9993       19.9994       19.9996       19.9997       19.9999       20.0000       20.0000       20.0000
   110.00000     1       20.0000       19.9818       19.9737       19.9784       19.9889       19.9989       20.0056       20.0086       20.0087       20.0072       20.0050       20.0030       20.0014       20.0003       19.9997       19.9995       19.9995       19.9996       19.9997       19.9999       19.9999
   120.00000     1       20.0000       19.9363       19.8930       19.8886       19.9094       19.9388       19.9659       19.9859       19.9982       20.0042       20.0061       20.0056       20.0041       20.0025       20.0012       20.0003       19.9998       19.9996       19.9996       19.9997       19.9998
   130.00000     1       20.8333       20.3441       20.0606       19.9203       19.8712       19.8735       19.8990       19.9306       19.9589       19.9802       19.9940       20.0017       20.0049       20.0054       20.0045       20.0032       20.0019       20.0009       20.0002       19.9998       19.9997
   140.00000     1       21.6667       20.9984       20.5080       20.1839       19.9954       19.9056       19.8796       19.8893       19.9146       19.9428       19.9672       19.9852       19.9967       20.0028       20.0052       20.0054       20.0043       20.0030       20.0017       20.0008       20.0001
   150.00000     1       22.5000       21.7497       21.1175       20.6291       20.2847       20.0664       19.9467       19.8965       19.8897       19.9059       19.9308       19.9556       19.9760       19.9905       19.9994       20.0039       20.0054       20.0050       20.0039       20.0026       20.0014
   160.00000     1       23.3333       22.5536       21.8341       21.2172       20.7276       20.3692       20.1298       19.9877       19.9177       19.8959       19.9025       19.9226       19.9462       19.9676       19.9841       19.9952       20.0017       20.0047       20.0053       20.0046       20.0034
   170.00000     1       24.1667       23.4059       22.6439       21.9312       21.3127       20.8140       20.4408       20.1835       20.0230       19.9367       19.9022       19.9002       19.9154       19.9372       19.9589       19.9770       19.9902       19.9986       20.0031       20.0048       20.0048
   180.00000     1       25.0000       24.3634       23.6336       22.8642       22.1276       21.4792       20.9491       20.5453       20.2597       20.0745       19.9678       19.9177       19.9047       19.9131       19.9313       19.9519       19.9704       19.9848       19.9947       20.0007       20.0036
   190.00000     1       24.1667       24.3268       24.0806       23.5742       22.9362       22.2690       21.6454       21.1099       20.6827       20.3654       20.1476       20.0122       19.9393       19.9102       19.9086       19.9219       19.9411       19.9604       19.9768       19.9891       19.9973
   200.00000     1       23.3333       23.8443       24.0091       23.8577       23.4666       22.9285       22.3314       21.7463       21.2229       20.7888       20.4539       20.2140       20.0567       19.9650       19.9215       19.9101       19.9176       19.9342       19.9531       19.9705       19.9843
   210.00000     1       22.5000       23.1714       23.6125       23.7784       23.6790       23.3634       22.9010       22.3651       21.8204       21.3161       20.8839       20.5387       20.2820       20.1057       19.9963       19.9381       19.9158       19.9163       19.9290       19.9466       19.9641
   220.00000     1       21.6667       22.4065       23.0158       23.4228       23.5925       23.5292       23.2685       22.8655       22.3818       21.8752       21.3929       20.9676       20.6178       20.3489       20.1570       20.0315       19.9591       19.9256       19.9181       19.9259       19.9411
   230.00000     1       20.8333       21.5841       22.2880       22.8655       23.2575       23.4354       23.4014       23.1841       22.8291       22.3897       21.9177       21.4575       21.0419       20.6912       20.4140       20.2093       20.0698       19.9840       19.9392       19.9232       19.9253
   240.00000     1       20.0000       20.6792       21.4103       22.1018       22.6742       23.0726       23.2706       23.2696       23.0936       22.7826       22.3838       21.9449       21.5076       21.1043       20.7565       20.4748       20.2610       20.1099       20.0123       19.9569       19.9323
   250.00000     1       20.0000       20.3164       20.8213       21.4177       22.0120       22.5249       22.8990       23.1024       23.1289       22.9939       22.7288       22.3738       21.9710       21.5594       21.1706       20.8269       20.5412       20.3179       20.1545       20.0440       19.9767
   260.00000     1       20.0000       20.1452       20.4547       20.8997       21.4208       21.9475       22.4125       22.7627       22.9654       23.0098       22.9052       22.6763       22.3571       21.9853       21.5969       21.2225       20.8848       20.5980       20.3685       20.1959       20.0750
   270.00000     1       20.0000       20.0666       20.2444       20.5463       20.9532       21.4217       21.8961       22.3202       22.6469       22.8448       22.9012       22.8206       22.6222       22.3349       21.9919       21.6263       21.2671       20.9370       20.6512       20.4174       20.2373
   280.00000     1       20.0000       20.0306       20.1285       20.3207       20.6137       20.9916       21.4197       21.8523       22.2417       22.5467       22.7382       22.8023       22.7407       22.5681       22.3089       21.9924       21.6486       21.3050       20.9837       20.7004       20.4642
   290.00000     1       20.0000       20.0140       20.0664       20.1832       20.3820       20.6657       21.0199       21.4154       21.8136       22.1737       22.4592       22.6434       22.7124       22.6658       22.5149       22.2804       21.9879       21.6647       21.3366       21.0250       20.7457
   300.00000     1       20.0000       20.0063       20.0336       20.1018       20.2304       20.4318       20.7064       21.0409       21.4098       21.7798       22.1151       22.3834       22.5601       22.6318       22.5965       22.4634       22.2497       21.9785       21.6744       21.3613       21.0599
   310.00000     1       20.0000       20.0030       20.0172       20.0565       20.1375       20.2748       20.4770       20.7425       21.0586       21.4031       21.7467       22.0585       22.3098       22.4786       22.5519       22.5270       22.4106       22.2175       21.9674       21.6827       21.3853
   320.00000     1       20.0000       20.0014       20.0086       20.0307       20.0799       20.1700       20.3127       20.5136       20.7701       21.0705       21.3945       21.7165       22.0089       22.2462       22.4082       22.4825       22.4658       22.3631       22.1869       21.9548       21.6868
   330.00000     1       20.0000       20.0006       20.0043       20.0164       20.0456       20.1031       20.2003       20.3463       20.5450       20.7930       21.0791       21.3851       21.6881       21.9635       22.1882       22.3437       22.4184       22.4084       22.3175       22.1564       21.9406
   340.00000     1       20.0000       20.0003       20.0021       20.0087       20.0257       20.0614       20.1257       20.2283       20.3763       20.5721       20.8120       21.0851       21.3752       21.6614       21.9216       22.1349       22.2843       22.3589       22.3545       22.2739       22.1263
   350.00000     1       20.0000       20.0001       20.0011       20.0046       20.0143       20.0360       20.0775       20.1475       20.2541       20.4031       20.5957       20.8277       21.0893       21.3650       21.6362       21.8828       22.0858       22.2296       22.3037       22.3039       22.2322
   360.00000     1       20.0000       20.0001       20.0005       20.0024       20.0078       20.0207       20.0468       20.0933       20.1679       20.2775       20.4267       20.6160       20.8409       21.0920       21.3551       21.6131       21.8477       22.0413       22.1797       22.2529       22.2567
   370.00000     1       20.0000       20.0000       20.0003       20.0012       20.0043       20.0120       20.0284       20.0590       20.1104       20.1895       20.3020       20.4515       20.6375       20.8556       21.0967       21.3476       21.5926       21.8151       21.9991       22.1314       22.2029
   380.00000     1       20.0000       20.0000       20.0001       20.0006       20.0024       20.0068       20.0169       20.0365       20.0710       20.1266       20.2092       20.3236       20.4726       20.6552       20.8669       21.0989       21.3391       21.5729       21.7850       21.9608       22.0880
   390.00000     1       20.0000       20.0000       20.0001       20.0003       20.0013       20.0039       20.0099       20.0223       20.0451       20.0833       20.1424       20.2278       20.3436       20.4917       20.6709       20.8764       21.1000       21.3304       21.5539       21.7566       21.9248
   400.00000     1       20.0000       20.0000       20.0000       20.0002       20.0007       20.0022       20.0058       20.0135       20.0282       20.0540       20.0955       20.1577       20.2455       20.3622       20.5091       20.6848       20.8845       21.1003       21.3215       21.5357       21.7296
   410.00000     1       20.0000       20.0000       20.0000       20.0001       20.0004       20.0012       20.0033       20.0080       20.0174       20.0345       20.0630       20.1075       20.1725       20.2622       20.3794       20.5250       20.6972       20.8913       21.0998       21.3126       21.5182
   420.00000     1       20.0000       20.0000       20.0000       20.0000       20.0002       20.0007       20.0019       20.0047       20.0106       20.0217       20.0410       20.0721       20.1192       20.1866       20.2778       20.3952       20.5393       20.7082       20.8971       21.0989       21.3041
   430.00000     1       20.0000       20.0000       20.0000       20.0000       20.0001       20.0004       20.0011       20.0028       20.0065       20.0138       20.0267       20.0484       20.0822       20.1321       20.2019       20.2948       20.4125       20.5553       20.7210       20.9049       21.1001
   440.00000     1       20.0000       20.0000       20.0000       20.0000       20.0001       20.0002       20.0006       20.0016       20.0039       20.0086       20.0171       20.0319       20.0557       20.0919       20.1442       20.2160       20.3100       20.4277       20.5690       20.7315       20.9107
   450.00000     1       20.0000       20.0000       20.0000       20.0000       20.0000       20.0001       20.0003       20.0010       20.0024       20.0053       20.0109       20.0208       20.0373       20.0632       20.1017       20.1561       20.2296       20.3244       20.4419       20.5816       20.7409
   460.00000     1       20.0000       20.0000       20.0000       20.0000       20.0000       20.0001       20.0002       20.0006       20.0014       20.0032       20.0068       20.0134       20.0247       20.0429       20.0708       20.1113       20.1677       20.2426       20.3381       20.4552       20.5932
   470.00000     1       20.0000       20.0000       20.0000       20.0000       20.0000       20.0000       20.0001       20.0003       20.0008       20.0019       20.0042       20.0086       20.0162       20.0288       20.0487       20.0784       20.1209       20.1789       20.2551       20.3511       20.4676
   480.00000     1       20.0000       20.0000       20.0000       20.0000       20.0000       20.0000       20.0001       20.0002       20.0005       20.0012       20.0026       20.0054       20.0104       20.0191       20.0330       20.0545       20.0859       20.1301       20.1897       20.2669       20.3632
   490.00000     1       20.0000       20.0000       20.0000       20.0000       20.0000       20.0000       20.0000       20.0001       20.0003       20.0007       20.0016       20.0034       20.0068       20.0127       20.0224       20.0378       20.0609       20.0942       20.1401       20.2012       20.2795
   500.00000     1       20.0000       20.0000       20.0000       20.0000       20.0000       20.0000       20.0000       20.0001       20.0002       20.0004       20.0010       20.0021       20.0043       20.0083       20.0150       20.0258       20.0425       20.0671       20.1020       20.1495       20.2119
   510.00000     1       20.0000       20.0000       20.0000       20.0000       20.0000       20.0000       20.0000       20.0000       20.0001       20.0002       20.0006       20.0013       20.0027       20.0054       20.0099       20.0175       20.0294       20.0474       20.0734       20.1098       20.1587
   520.00000     1       20.0000       20.0000       20.0000       20.0000       20.0000       20.0000       20.0000       20.0000       20.0001       20.0001       20.0004       20.0008       20.0017       20.0034       20.0065       20.0117       20.0201       20.0331       20.0523       20.0798       20.1176
   530.00000     1       20.0000       20.0000       20.0000       20.0000       20.0000       20.0000       20.0000       20.0000       20.0000       20.0001       20.0002       20.0005       20.0011       20.0022       20.0042       20.0078       20.0136       20.0229       20.0369       20.0573       20.0861
   540.00000     1       20.0000       20.0000       20.0000       20.0000       20.0000       20.0000       20.0000       20.0000       20.0000       20.0001       20.0001       20.0003       20.0007       20.0014       20.0027       20.0051       20.0091       20.0156       20.0257       20.0407       20.0623
   550.00000     1       20.0000       20.0000       20.0000       20.0000       20.0000       20.0000       20.0000       20.0000       20.0000       20.0000       20.0001       20.0002       20.0004       20.0009       20.0018       20.0034       20.0061       20.0107       20.0179       20.0289       20.0449
   560.00000     1       20.0000       20.0000       20.0000       20.0000       20.0000       20.0000       20.0000       20.0000       20.0000       20.0000       20.0001       20.0001       20.0003       20.0006       20.0011       20.0022       20.0041       20.0072       20.0123       20.0202       20.0320
   570.00000     1       20.0000       20.0000       20.0000       20.0000       20.0000       20.0000       20.0000       20.0000       20.0000       20.0000       20.0000       20.0001       20.0002       20.0004       20.0007       20.0014       20.0027       20.0048       20.0084       20.0140       20.0226
   580.00000     1       20.0000       20.0000       20.0000       20.0000       20.0000       20.0000       20.0000       20.0000       20.0000       20.0000       20.0000       20.0001       20.0001       20.0002       20.0005       20.0009       20.0018       20.0032       20.0057       20.0096       20.0158
   590.00000     1       20.0000       20.0000       20.0000       20.0000       20.0000       20.0000       20.0000       20.0000       20.0000       20.0000       20.0000       20.0000       20.0001       20.0001       20.0003       20.0006       20.0011       20.0021       20.0038       20.0066       20.0110
   600.00000     1       20.0000       20.0000       20.0000       20.0000       20.0000       20.0000       20.0000       20.0000       20.0000       20.0000       20.0000       20.0000       20.0001       20.0001       20.0002       20.0004       20.0007       20.0014       20.0025       20.0044       20.0075
   610.00000     1       20.0000       20.0000       20.0000       20.0000       20.0000       20.0000       20.0000       20.0000       20.0000       20.0000       20.0000       20.0000       20.0000       20.0001       20.0001       20.0002       20.0005       20.0009       20.0017       20.0030       20.0052
   620.00000     1       20.0000       20.0000       20.0000       20.0000       20.0000       20.0000       20.0000       20.0000       20.0000       20.0000       20.0000       20.0000       20.0000       20.0000       20.0001       20.0002       20.0003       20.0006       20.0011       20.0020       20.0035
   630.00000     1       20.0000       20.0000       20.0000       20.0000       20.0000       20.0000       20.0000       20.0000       20.0000       20.0000       20.0000       20.0000       20.0000       20.0000       20.0001       20.0001       20.0002       20.0004       20.0007       20.0013       20.0024
   640.00000     1       20.0000       20.0000       20.0000       20.0000       20.0000       20.0000       20.0000       20.0000       20.0000       20.0000       20.0000       20.0000       20.0000       20.0000       20.0000       20.0001       20.0001       20.0003       20.0005       20.0009       20.0016
   650.00000     1       20.0000       20.0000       20.0000       20.0000       20.0000       20.0000       20.0000       20.0000       20.0000       20.0000       20.0000       20.0000       20.0000       20.0000       20.0000       20.0000       20.0001       20.0002       20.0003       20.0006       20.0011
   660.00000     1       20.0000       20.0000       20.0000       20.0000       20.0000       20.0000       20.0000       20.0000       20.0000       20.0000       20.0000       20.0000       20.0000       20.0000       20.0000       20.0000       20.0001       20.0001       20.0002       20.0004       20.0007
   670.00000     1       20.0000       20.0000       20.0000       20.0000       20.0000       20.0000       20.0000       20.0000       20.0000       20.0000       20.0000       20.0000       20.0000       20.0000       20.0000       20.0000       20.0000       20.0001       20.0001       20.0002       20.0005
   680.00000     1       20.0000       20.0000       20.0000       20.0000       20.0000       20.0000       20.0000       20.0000       20.0000       20.0000       20.0000       20.0000       20.0000       20.0000       20.0000       20.0000       20.0000       20.0000       20.0001       20.0002       20.0003
   690.00000     1       20.0000       20.0000       20.0000       20.0000       20.0000       20.0000       20.0000       20.0000       20.0000       20.0000       20.0000       20.0000       20.0000       20.0000       20.0000       20.0000       20.0000       20.0000       20.0001       20.0001       20.0002
   700.00000     1       20.0000       20.0000       20.0000       20.0000       20.0000       20.0000       20.0000       20.0000       20.0000       20.0000       20.0000       20.0000       20.0000       20.0000       20.0000       20.0000       20.0000       20.0000       20.0000       20.0001       20.0001
   710.00000     1       20.0000       20.0000       20.0000       20.0000       20.0000       20.0000       20.0000       20.0000       20.0000       20.0000       20.0000       20.0000       20.0000       20.0000       20.0000       20.0000       20.0000       20.0000       20.0000       20.0000       20.0001
   720.00000     1       20.0000       20.0000       20.0000       20.0000       20.0000       20.0000       20.0000       20.0000       20.0000       20.0000       20.0000       20.0000       20.0000       20.0000       20.0000       20.0000       20.0000       20.0000       20.0000       20.0000       20.0001
   730.00000     1       20.0000       20.0000       20.0000       20.0000       20.0000       20.0000       20.0000       20.0000       20.0000       20.0000       20.0000       20.0000       20.0000       20.0000       20.0000       20.0000       20.0000       20.0000       20.0000       20.0000       20.0000
   740.00000     1       20.0000       20.0000       20.0000       20.0000       20.0000       20.0000       20.0000       20.0000       20.0000       20.0000       20.0000       20.0000       20.0000       20.0000       20.0000       20.0000       20.0000       20.0000       20.0000       20.0000       20.0000
   750.00000     1       20.0000       20.0000       20.0000       20.0000       20.0000       20.0000       20.0000       20.0000       20.0000       20.0000       20.0000       20.0000       20.0000       20.0000       20.0000       20.0000       20.0000       20.0000       20.0000       20.0000       20.0000
   760.00000     1       20.0000       20.0000       20.0000       20.0000       20.0000       20.0000       20.0000       20.0000       20.0000       20.0000       20.0000       20.0000       20.0000       20.0000       20.0000       20.0000       20.0000       20.0000       20.0000       20.0000       20.0000
   770.00000     1       20.0000       20.0000       20.0000       20.0000       20.0000       20.0000       20.0000       20.0000       20.0000       20.0000       20.0000       20.0000       20.0000       20.0000       20.0000       20.0000       20.0000       20.0000       20.0000       20.0000       20.0000
   780.00000     1       20.0000       20.0000       20.0000       20.0000       20.0000       20.0000       20.0000       20.0000       20.0000       20.0000       20.0000       20.0000       20.0000       20.0000       20.0000       20.0000       20.0000       20.0000       20.0000       20.0000       20.0000
   790.00000     1       20.0000       20.0000       20.0000       20.0000       20.0000       20.0000       20.0000       20.0000       20.0000       20.0000       20.0000       20.0000       20.0000       20.0000       20.0000       20.0000       20.0000       20.0000       20.0000       20.0000       20.0000
   800.00000     1       20.0000       20.0000       20.0000       20.0000       20.0000       20.0000       20.0000       20.0000       20.0000       20.0000       20.0000       20.0000       20.0000       20.0000       20.0000       20.0000       20.0000       20.0000       20.0000       20.0000       20.0000
   810.00000     1       20.0000       20.0000       20.0000       20.0000       20.0000       20.0000       20.0000       20.0000       20.0000       20.0000       20.0000       20.0000       20.0000       20.0000       20.0000       20.0000       20.0000       20.0000       20.0000       20.0000       20.0000
   820.00000     1       20.0000       20.0000       20.0000       20.0000       20.0000       20.0000       20.0000       20.0000       20.0000       20.0000       20.0000       20.0000       20.0000       20.0000       20.0000       20.0000       20.0000       20.0000       20.0000       20.0000       20.0000
   830.00000     1       20.0000       20.0000       20.0000       20.0000       20.0000       20.0000       20.0000       20.0000       20.0000       20.0000       20.0000       20.0000       20.0000       20.0000       20.0000       20.0000       20.0000       20.0000       20.0000       20.0000       20.0000
   840.00000     1       20.0000       20.0000       20.0000       20.0000       20.0000       20.0000       20.0000       20.0000       20.0000       20.0000       20.0000       20.0000       20.0000       20.0000       20.0000       20.0000       20.0000       20.0000       20.0000       20.0000       20.0000
   850.00000     1       20.0000       20.0000       20.0000       20.0000       20.0000       20.0000       20.0000       20.0000       20.0000       20.0000       20.0000       20.0000       20.0000       20.0000       20.0000       20.0000       20.0000       20.0000       20.0000       20.0000       20.0000
   860.00000     1       20.0000       20.0000       20.0000       20.0000       20.0000       20.0000       20.0000       20.0000       20.0000       20.0000       20.0000       20.0000       20.0000       20.0000       20.0000       20.0000       20.0000       20.0000       20.0000       20.0000       20.0000
   870.00000     1       20.0000       20.0000       20.0000       20.0000       20.0000       20.0000       20.0000       20.0000       20.0000       20.0000       20.0000       20.0000       20.0000       20.0000       20.0000       20.0000       20.0000       20.0000       20.0000       20.0000       20.0000
   880.00000     1       20.0000       20.0000       20.0000       20.0000       20.0000       20.0000       20.0000       20.0000       20.0000       20.0000       20.0000       20.0000       20.0000       20.0000       20.0000       20.0000       20.0000       20.0000       20.0000       20.0000       20.0000
   890.00000     1       20.0000       20.0000       20.0000       20.0000       20.0000       20.0000       20.0000       20.0000       20.0000       20.0000       20.0000       20.0000       20.0000       20.0000       20.0000       20.0000       20.0000       20.0000       20.0000       20.0000       20.0000
   900.00000     1       20.0000       20.0000       20.0000       20.0000       20.0000       20.0000       20.0000       20.0000       20.0000       20.0000       20.0000       20.0000       20.0000       20.0000       20.0000       20.0000       20.0000       20.0000       20.0000       20.0000       20.0000
   910.00000     1       20.0000       20.0000       20.0000       20.0000       20.0000       20.0000       20.0000       20.0000       20.0000       20.0000       20.0000       20.0000       20.0000       20.0000       20.0000       20.0000       20.0000       20.0000       20.0000       20.0000       20.0000
   920.00000     1       20.0000       20.0000       20.0000       20.0000       20.0000       20.0000       20.0000       20.0000       20.0000       20.0000       20.0000       20.0000       20.0000       20.0000       20.0000       20.0000       20.0000       20.0000       20.0000       20.0000       20.0000
   930.00000     1       20.0000       20.0000       20.0000       20.0000       20.0000       20.0000       20.0000       20.0000       20.0000       20.0000       20.0000       20.0000       20.0000       20.0000       20.0000       20.0000       20.0000       20.0000       20.0000       20.0000       20.0000
   940.00000     1       20.0000       20.0000       20.0000       20.0000       20.0000       20.0000       20.0000       20.0000       20.0000       20.0000       20.0000       20.0000       20.0000       20.0000       20.0000       20.0000       20.0000       20.0000       20.0000       20.0000       20.0000
   950.00000     1       20.0000       20.0000       20.0000       20.0000       20.0000       20.0000       20.0000       20.0000       20.0000       20.0000       20.0000       20.0000       20.0000       20.0000       20.0000       20.0000       20.0000       20.0000       20.0000       20.0000       20.0000
   960.00000     1       20.0000       20.0000       20.0000       20.0000       20.0000       20.0000       20.0000       20.0000       20.0000       20.0000       20.0000       20.0000       20.0000       20.0000       20.0000       20.0000       20.0000       20.0000       20.0000       20.0000       20.0000
   970.00000     1       20.0000       20.0000       20.0000       20.0000       20.0000       20.0000       20.0000       20.0000       20.0000       20.0000       20.0000       20.0000       20.0000       20.0000       20.0000       20.0000       20.0000       20.0000       20.0000       20.0000       20.0000
   980.00000     1       20.0000       20.0000       20.0000       20.0000       20.0000       20.0000       20.0000       20.0000       20.0000       20.0000       20.0000       20.0000       20.0000       20.0000       20.0000       20.0000       20.0000       20.0000       20.0000       20.0000       20.0000
   990.00000     1       20.0000       20.0000       20.0000       20.0000       20.0000       20.0000       20.0000       20.0000       20.0000       20.0000       20.0000       20.0000       20.0000       20.0000       20.0000       20.0000       20.0000       20.0000       20.0000       20.0000       20.0000
  1000.00000     1       20.0000       20.0000       20.0000       20.0000       20.0000       20.0000       20.0000       20.0000       20.0000       20.0000       20.0000       20.0000       20.0000       20.0000       20.0000       20.0000       20.0000       20.0000       20.0000       20.0000       20.0000
  1010.00000     1       20.0000       20.0000       20.0000       20.0000       20.0000       20.0000       20.0000       20.0000       20.0000       20.0000       20.0000       20.0000       20.0000       20.0000       20.0000       20.0000       20.0000       20.0000       20.0000       20.0000       20.0000
  1020.00000     1       20.0000       20.0000       20.0000       20.0000       20.0000       20.0000       20.0000       20.0000       20.0000       20.0000       20.0000       20.0000       20.0000       20.0000       20.0000       20.0000       20.0000       20.0000       20.0000       20.0000       20.0000
  1030.00000     1       20.0000       20.0000       20.0000       20.0000       20.0000       20.0000       20.0000       20.0000       20.0000       20.0000       20.0000       20.0000       20.0000       20.0000       20.0000       20.0000       20.0000       20.0000       20.0000       20.0000       20.0000
  1040.00000     1       20.0000       20.0000       20.0000       20.0000       20.0000       20.0000       20.0000       20.0000       20.0000       20.0000       20.0000       20.0000       20.0000       20.0000       20.0000       20.0000       20.0000       20.0000       20.0000       20.0000       20.0000
  1050.00000     1       20.0000       20.0000       20.0000       20.0000       20.0000       20.0000       20.0000       20.0000       20.0000       20.0000       20.0000       20.0000       20.0000       20.0000       20.0000       20.0000       20.0000       20.0000       20.0000       20.0000       20.0000
  1060.00000     1       20.0000       20.0000       20.0000       20.0000       20.0000       20.0000       20.0000       20.0000       20.0000       20.0000       20.0000       20.0000       20.0000       20.0000       20.0000       20.0000       20.0000       20.0000       20.0000       20.0000       20.0000
  1070.00000     1       20.0000       20.0000       20.0000       20.0000       20.0000       20.0000       20.0000       20.0000       20.0000       20.0000       20.0000       20.0000       20.0000       20.0000       20.0000       20.0000       20.0000       20.0000       20.0000       20.0000       20.0000
  1080.00000     1       20.0000       20.0000       20.0000       20.0000       20.0000       20.0000       20.0000       20.0000       20.0000       20.0000       20.0000       20.0000       20.0000       20.0000       20.0000       20.0000       20.0000       20.0000       20.0000       20.0000       20.0000
  1090.00000     1       20.0000       20.0000       20.0000       20.0000       20.0000       20.0000       20.0000       20.0000       20.0000       20.0000       20.0000       20.0000       20.0000       20.0000       20.0000       20.0000       20.0000       20.0000       20.0000       20.0000       20.0000
  1100.00000     1       20.0000       20.0000       20.0000       20.0000       20.0000       20.0000       20.0000       20.0000       20.0000       20.0000       20.0000       20.0000       20.0000       20.0000       20.0000       20.0000       20.0000       20.0000       20.0000       20.0000       20.0000
  1110.00000     1       20.0000       20.0000       20.0000       20.0000       20.0000       20.0000       20.0000       20.0000       20.0000       20.0000       20.0000       20.0000       20.0000       20.0000       20.0000       20.0000       20.0000       20.0000       20.0000       20.0000       20.0000
  1120.00000     1       20.0000       20.0000       20.0000       20.0000       20.0000       20.0000       20.0000       20.0000       20.0000       20.0000       20.0000       20.0000       20.0000       20.0000       20.0000       20.0000       20.0000       20.0000       20.0000       20.0000       20.0000
  1130.00000     1       20.0000       20.0000       20.0000       20.0000       20.0000       20.0000       20.0000       20.0000       20.0000       20.0000       20.0000       20.0000       20.0000       20.0000       20.0000       20.0000       20.0000       20.0000       20.0000       20.0000       20.0000
  1140.00000     1       20.0000       20.0000       20.0000       20.0000       20.0000       20.0000       20.0000       20.0000       20.0000       20.0000       20.0000       20.0000       20.0000       20.0000       20.0000       20.0000       20.0000       20.0000       20.0000       20.0000       20.0000
  1150.00000     1       20.0000       20.0000       20.0000       20.0000       20.0000       20.0000       20.0000       20.0000       20.0000       20.0000       20.0000       20.0000       20.0000       20.0000       20.0000       20.0000       20.0000       20.0000       20.0000       20.0000       20.0000
  1160.00000     1       20.0000       20.0000       20.0000       20.0000       20.0000       20.0000       20.0000       20.0000       20.0000       20.0000       20.0000       20.0000       20.0000       20.0000       20.0000       20.0000       20.0000       20.0000       20.0000       20.0000       20.0000
  1170.00000     1       20.0000       20.0000       20.0000       20.0000       20.0000       20.0000       20.0000       20.0000       20.0000       20.0000       20.0000       20.0000       20.0000       20.0000       20.0000       20.0000       20.0000       20.0000       20.0000       20.0000       20.0000
  1180.00000     1       20.0000       20.0000       20.0000       20.0000       20.0000       20.0000       20.0000       20.0000       20.0000       20.0000       20.0000       20.0000       20.0000       20.0000       20.0000       20.0000       20.0000       20.0000       20.0000       20.0000       20.0000
  1190.00000     1       20.0000       20.0000       20.0000       20.0000       20.0000       20.0000       20.0000       20.0000       20.0000       20.0000       20.0000       20.0000       20.0000       20.0000       20.0000       20.0000       20.0000       20.0000       20.0000       20.0000       20.0000
  1200.00000     1       20.0000       20.0000       20.0000       20.0000       20.0000       20.0000       20.0000       20.0000       20.0000       20.0000       20.0000       20.0000       20.0000       20.0000       20.0000       20.0000       20.0000       20.0000       20.0000       20.0000       20.0000
  1210.00000     1       20.0000       20.0000       20.0000       20.0000       20.0000       20.0000       20.0000       20.0000       20.0000       20.0000       20.0000       20.0000       20.0000       20.0000       20.0000       20.0000       20.0000       20.0000       20.0000       20.0000       20.0000
  1220.00000     1       20.0000       20.0000       20.0000       20.0000       20.0000       20.0000       20.0000       20.0000       20.0000       20.0000       20.0000       20.0000       20.0000       20.0000       20.0000       20.0000       20.0000       20.0000       20.0000       20.0000       20.0000
  1230.00000     1       20.0000       20.0000       20.0000       20.0000       20.0000       20.0000       20.0000       20.0000       20.0000       20.0000       20.0000       20.0000       20.0000       20.0000       20.0000       20.0000       20.0000       20.0000       20.0000       20.0000       20.0000
  1240.00000     1       20.0000       20.0000       20.0000       20.0000       20.0000       20.0000       20.0000       20.0000       20.0000       20.0000       20.0000       20.0000       20.0000       20.0000       20.0000       20.0000       20.0000       20.0000       20.0000       20.0000       20.0000
  1250.00000     1       20.0000       20.0000       20.0000       20.0000       20.0000       20.0000       20.0000       20.0000       20.0000       20.0000       20.0000       20.0000       20.0000       20.0000       20.0000       20.0000       20.0000       20.0000       20.0000       20.0000       20.0000
  1260.00000     1       20.0000       20.0000       20.0000       20.0000       20.0000       20.0000       20.0000       20.0000       20.0000       20.0000       20.0000       20.0000       20.0000       20.0000       20.0000       20.0000       20.0000       20.0000       20.0000       20.0000       20.0000
  1270.00000     1       20.0000       20.0000       20.0000       20.0000       20.0000       20.0000       20.0000       20.0000       20.0000       20.0000       20.0000       20.0000       20.0000       20.0000       20.0000       20.0000       20.0000       20.0000       20.0000       20.0000       20.0000
  1280.00000     1       20.0000       20.0000       20.0000       20.0000       20.0000       20.0000       20.0000       20.0000       20.0000       20.0000       20.0000       20.0000       20.0000       20.0000       20.0000       20.0000       20.0000       20.0000       20.0000       20.0000       20.0000
  1290.00000     1       20.0000       20.0000       20.0000       20.0000       20.0000       20.0000       20.0000       20.0000       20.0000       20.0000       20.0000       20.0000       20.0000       20.0000       20.0000       20.0000       20.0000       20.0000       20.0000       20.0000       20.0000
  1300.00000     1       20.0000       20.0000       20.0000       20.0000       20.0000       20.0000       20.0000       20.0000       20.0000       20.0000       20.0000       20.0000       20.0000       20.0000       20.0000       20.0000       20.0000       20.0000       20.0000       20.0000       20.0000
  1310.00000     1       20.0000       20.0000       20.0000       20.0000       20.0000       20.0000       20.0000       20.0000       20.0000       20.0000       20.0000       20.0000       20.0000       20.0000       20.0000       20.0000       20.0000       20.0000       20.0000       20.0000       20.0000
  1320.00000     1       20.0000       20.0000       20.0000       20.0000       20.0000       20.0000       20.0000       20.0000       20.0000       20.0000       20.0000       20.0000       20.0000       20.0000       20.0000       20.0000       20.0000       20.0000       20.0000       20.0000       20.0000
  1330.00000     1       20.0000       20.0000       20.0000       20.0000       20.0000       20.0000       20.0000       20.0000       20.0000       20.0000       20.0000       20.0000       20.0000       20.0000       20.0000       20.0000       20.0000       20.0000       20.0000       20.0000       20.0000
  1340.00000     1       20.0000       20.0000       20.0000       20.0000       20.0000       20.0000       20.0000       20.0000       20.0000       20.0000       20.0000       20.0000       20.0000       20.0000       20.0000       20.0000       20.0000       20.0000       20.0000       20.0000       20.0000
  1350.00000     1       20.0000       20.0000       20.0000       20.0000       20.0000       20.0000       20.0000       20.0000       20.0000       20.0000       20.0000       20.0000       20.0000       20.0000       20.0000       20.0000       20.0000       20.0000       20.0000       20.0000       20.0000
  1360.00000     1       20.0000       20.0000       20.0000       20.0000       20.0000       20.0000       20.0000       20.0000       20.0000       20.0000       20.0000       20.0000       20.0000       20.0000       20.0000       20.0000       20.0000       20.0000       20.0000       20.0000       20.0000
  1370.00000     1       20.0000       20.0000       20.0000       20.0000       20.0000       20.0000       20.0000       20.0000       20.0000       20.0000       20.0000       20.0000       20.0000       20.0000       20.0000       20.0000       20.0000       20.0000       20.0000       20.0000       20.0000
  1380.00000     1       20.0000       20.0000       20.0000       20.0000       20.0000       20.0000       20.0000       20.0000       20.0000       20.0000       20.0000       20.0000       20.0000       20.0000       20.0000       20.0000       20.0000       20.0000       20.0000       20.0000       20.0000
  1390.00000     1       20.0000       20.0000       20.0000       20.0000       20.0000       20.0000       20.0000       20.0000       20.0000       20.0000       20.0000       20.0000       20.0000       20.0000       20.0000       20.0000       20.0000       20.0000       20.0000       20.0000       20.0000
  1400.00000     1       20.0000       20.0000       20.0000       20.0000       20.0000       20.0000       20.0000       20.0000       20.0000       20.0000       20.0000       20.0000       20.0000       20.0000       20.0000       20.0000       20.0000       20.0000       20.0000       20.0000       20.0000
  1410.00000     1       20.0000       20.0000       20.0000       20.0000       20.0000       20.0000       20.0000       20.0000       20.0000       20.0000       20.0000       20.0000       20.0000       20.0000       20.0000       20.0000       20.0000       20.0000       20.0000       20.0000       20.0000
  1420.00000     1       20.0000       20.0000       20.0000       20.0000       20.0000       20.0000       20.0000       20.0000       20.0000       20.0000       20.0000       20.0000       20.0000       20.0000       20.0000       20.0000       20.0000       20.0000       20.0000       20.0000       20.0000
  1430.00000     1       20.0000       20.0000       20.0000       20.0000       20.0000       20.0000       20.0000       20.0000       20.0000       20.0000       20.0000       20.0000       20.0000       20.0000       20.0000       20.0000       20.0000       20.0000       20.0000       20.0000       20.0000
