     0.00000     1        1.0000        1.0000        1.0000        1.0000        1.0000        1.0000        1.0000        1.0000        1.0000        1.0000        1.0000        1.0000        1.0000        1.0000        1.0000        1.0000        1.0000        1.0000        1.0000        1.0000        1.0000
    60.00000     1        0.9986        0.9986        0.9986        0.9986        0.9986        0.9986        0.9986        0.9986        0.9986        0.9986        0.9986        0.9986        0.9986        0.9986        0.9985        0.9974        0.9842        0.9070        0.7356        0.5519        0.4162
   120.00000     1        0.9998        0.9983        0.9969        0.9964        0.9966        0.9971        0.9977        0.9981        0.9984        0.9986        0.9987        0.9987        0.9987        0.9986        0.9985        0.9974        0.9842        0.9070        0.7356        0.5519        0.4162
   180.00000     1        1.0859        1.0784        1.0687        1.0570        1.0443        1.0320        1.0213        1.0127        1.0062        1.0018        0.9990        0.9975        0.9969        0.9968        0.9970        0.9963        0.9835        0.9065        0.7354        0.5519        0.4163
   240.00000     1        0.9853        0.9956        1.0083        1.0212        1.0331        1.0428        1.0495        1.0527        1.0526        1.0497        1.0446        1.0377        1.0302        1.0227        1.0159        1.0091        0.9915        0.9107        0.7362        0.5508        0.4148
   300.00000     1        0.9984        0.9981        0.9977        0.9976        0.9983        1.0002        1.0035        1.0084        1.0144        1.0209        1.0272        1.0330        1.0376        1.0407        1.0419        1.0401        1.0255        0.9512        0.7802        0.5862        0.4383
   360.00000     1        0.9986        0.9986        0.9986        0.9985        0.9984        0.9984        0.9984        0.9986        0.9991        1.0001        1.0018        1.0042        1.0073        1.0112        1.0154        1.0184        1.0095        0.9450        0.7901        0.6080        0.4632
   420.00000     1        0.9986        0.9986        0.9986        0.9986        0.9986        0.9986        0.9986        0.9985        0.9985        0.9985        0.9986        0.9988        0.9992        0.9998        1.0007        1.0008        0.9890        0.9179        0.7574        0.5793        0.4434
   480.00000     1        0.9986        0.9986        0.9986        0.9986        0.9986        0.9986        0.9986        0.9986        0.9986        0.9986        0.9986        0.9986        0.9986        0.9986        0.9986        0.9976        0.9845        0.9085        0.7400        0.5586        0.4238
   540.00000     1        0.9986        0.9986        0.9986        0.9986        0.9986        0.9986        0.9986        0.9986        0.9986        0.9986        0.9986        0.9986        0.9986        0.9986        0.9985        0.9974        0.9842        0.9071        0.7362        0.5529        0.4175
   600.00000     1        0.9986        0.9986        0.9986        0.9986        0.9986        0.9986        0.9986        0.9986        0.9986        0.9986        0.9986        0.9986        0.9986        0.9986        0.9985        0.9974        0.9842        0.9070        0.7356        0.5520        0.4164
   660.00000     1        0.9986        0.9986        0.9986        0.9986        0.9986        0.9986        0.9986        0.9986        0.9986        0.9986        0.9986        0.9986        0.9986        0.9986        0.9985        0.9974        0.9842        0.9070        0.7356        0.5519        0.4162
   720.00000     1        0.9986        0.9986        0.9986        0.9986        0.9986        0.9986        0.9986        0.9986        0.9986        0.9986        0.9986        0.9986        0.9986        0.9986        0.9985        0.9974        0.9842        0.9070        0.7356        0.5519        0.4162
   780.00000     1        0.9986        0.9986        0.9986        0.9986        0.9986        0.9986        0.9986        0.9986        0.9986        0.9986        0.9986        0.9986        0.9986        0.9986        0.9985        0.9974        0.9842        0.9070        0.7356        0.5519        0.4162
   840.00000     1        0.9986        0.9986        0.9986        0.9986        0.9986        0.9986        0.9986        0.9986        0.9986        0.9986        0.9986        0.9986        0.9986        0.9986        0.9985        0.9974        0.9842        0.9070        0.7356        0.5519        0.4162
   900.00000     1        0.9986        0.9986        0.9986        0.9986        0.9986        0.9986        0.9986        0.9986        0.9986        0.9986        0.9986        0.9986        0.9986        0.9986        0.9985        0.9974        0.9842        0.9070        0.7356        0.5519        0.4162
   960.00000     1        0.9986        0.9986        0.9986        0.9986        0.9986        0.9986        0.9986        0.9986        0.9986        0.9986        0.9986        0.9986        0.9986        0.9986        0.9985        0.9974        0.9842        0.9070        0.7356        0.5519        0.4162
  1020.00000     1        0.9986        0.9986        0.9986        0.9986        0.9986        0.9986        0.9986        0.9986        0.9986        0.9986        0.9986        0.9986        0.9986        0.9986        0.9985        0.9974        0.9842        0.9070        0.7356        0.5519        0.4162
  1080.00000     1        0.9986        0.9986        0.9986        0.9986        0.9986        0.9986        0.9986        0.9986        0.9986        0.9986        0.9986        0.9986        0.9986        0.9986        0.9985        0.9974        0.9842        0.9070        0.7356        0.5519        0.4162
  1140.00000     1        0.9986        0.9986        0.9986        0.9986        0.9986        0.9986        0.9986        0.9986        0.9986        0.9986        0.9986        0.9986        0.9986        0.9986        0.9985        0.9974        0.9842        0.9070        0.7356        0.5519        0.4162
  1200.00000     1        0.9986        0.9986        0.9986        0.9986        0.9986        0.9986        0.9986        0.9986        0.9986        0.9986        0.9986        0.9986        0.9986        0.9986        0.9985        0.9974        0.9842        0.9070        0.7356        0.5519        0.4162
  1260.00000     1        0.9986        0.9986        0.9986        0.9986        0.9986        0.9986        0.9986        0.9986        0.9986        0.9986        0.9986        0.9986        0.9986        0.9986        0.9985        0.9974        0.9842        0.9070        0.7356        0.5519        0.4162
  1320.00000     1        0.9986        0.9986        0.9986        0.9986        0.9986        0.9986        0.9986        0.9986        0.9986        0.9986        0.9986        0.9986        0.9986        0.9986        0.9985        0.9974        0.9842        0.9070        0.7356        0.5519        0.4162
  1380.00000     1        0.9986        0.9986        0.9986        0.9986        0.9986        0.9986        0.9986        0.9986        0.9986        0.9986        0.9986        0.9986        0.9986        0.9986        0.9985        0.9974        0.9842        0.9070        0.7356        0.5519        0.4162
  1440.00000     1        0.9986        0.9986        0.9986        0.9986        0.9986        0.9986        0.9986        0.9986        0.9986        0.9986        0.9986        0.9986        0.9986        0.9986        0.9985        0.9974        0.9842        0.9070        0.7356        0.5519        0.4162
